function [rTemp,Temp,nTim,czas,lTim,lrT]=dane()

% startYear = 2013;
% numdays = datenum({'06/01/13'},'dd/mm/yy') - datenum({'31/12/19'},'dd/mm/yy')
% data(-numdays-26) % 29 lutego 2016 % 4,2 *C

data=[3.8 6.5 6.6 6.2 6.2 6.6 6.3 6.2 5.9 5.5 5.4 5.9 2.9 6.7 6.2 2.5 5.8 6 5.1 5 4.8 4.3 5.4 5.6 6.2 6.3 4.2 5.2 3.5 6.6 4.2 6.6 3.8 3.8 6.9 5.2 5.7 5.6 6.4 6 5.1 7.5 9.4 6 3.6 3.1 3.95 4.5 5.6 5.8 6 6.6 5.8 5.6 4.9 4.1 4.2 6 6.2 7.3 3.3 6.1 6.9 7 5.4 5.2 3.9 4.9 4.7 4.5 4.9 6.7 6.6 5.9 7 6.7 5 4.9 6.8 6.7 7.2 7.6 6.9 7.2 7.3 7.2 7.6 6.5 6.5 7.2 7.3 8.3 7.6 8 10.3 10.3 7 7.2 10 10.3 10.5 11.2 10.2 11.2 11 11.6 11.9 12.6 12.5 14 13.5 13.6 14.3 14.3 14.9 14.6 14.5 14.6 14 15 15.2 16.8 15.1 14.8 15.3 15.1 15.6 15 16 18.4 18.7 18.7 17.7 18.5 18.2 17.5 17.8 15.5 17.8 17.7 16.2 17.3 17.1 16.9 17.2 18.2 16 16.2 18.2 16.5 16.8 16.8 17.8 18.2 18.2 18.6 19 19.1 19.6 19.3 19.4 19.9 22.1 21.5 19.3 19.2 19.6 20.1 19.6 19.9 20 19.8 19 19.3 20.05 19.8 20.1 20.6 20.4 20.5 21.3 21 20.4 20.8 19.5 20.6 18.9 20.4 19.7 20.6 19.2 19 20.1 20.4 20.9 20.6 21.5 22.2 22.9 23 23.2 22.6 22.5 22.9 23 23.2 22.9 22.9 23.1 23 23.2 22.7 22.7 22.6 22.6 22.6 21.1 21.8 21.1 24.1 22.6 23.5 21.2 21.6 22 20.9 20.9 21.3 20.3 20.1 19.9 20.3 17.8 19.4 19.6 20.3 19.7 19.8 19.2 19.6 19.2 17.1 18.5 18.6 19.8 19.2 17.9 18.7 19.1 19.6 17.6 18.3 16.9 17.8 17.7 16.8 16.2 17.1 16.1 16.3 14.8 14.5 14.1 13.9 14.2 12.2 12.5 13 14.3 12.6 14.3 14.6 14.1 14.3 14 13.9 14.6 13.6 13.2 13 12.7 14.6 12.9 13 13.1 13 13.7 13.6 13.9 13.8 13.9 13.8 12.6 12.6 12.9 13.6 12.4 11.9 11.8 11.8 10.3 11.2 11 10.6 7.7 7.5 7.4 10.2 10.4 9.6 10.2 10.2 10.6 10.6 10.2 10.2 10.9 9.2 10 7.7 8 9.2 6.2 7.3 7.2 9.9 6.8 6.6 6.7 6.4 6.2 6.8 6.6 6.3 6.4 7.9 5.6 4.6 7.4 4.2 4.9 3.9 10.2 7.3 5.3 6.8 7 7.2 8.1 9.6 6.6 4.2 4.9 4.4 4.6 4.9 5.6 6.1 6.3 6.1 6.3 5.7 6.4 4.6 5.3 4.8 4.5 9.5 7.1 4.5 5.3 5.4 5.2 4.7 4.4 5.2 4.3 2.5 2.7 2.8 2.7 6.4 4.1 4.3 6.1 4.6 4.7 4.8 5.8 4.6 4.6 6.3 4.6 4.9 5.6 5.7 4.2 5.9 9.2 5.7 6.2 8.3 7.2 4.9 4.6 4.3 5 4.8 4.9 4.8 7.8 7.7 7.8 6.8 6.3 5.9 6.9 7.1 7.1 4.8 8.2 10.2 7.2 7 10 10.2 9.1 10 10.5 8.1 10.5 9 9.1 10 9.9 9.7 11.4 11.2 11.4 11.1 11.6 11.4 12.4 12.3 12.5 13.2 12.1 12.2 12 12.1 12.4 14.1 14.4 12.6 12.5 14.2 14.6 14.1 14.1 14 14.2 14.6 13.6 13.3 13.6 13.4 134 13.9 12.8 13 14.8 15.6 15.7 15.2 14.7 14.6 15.5 16.1 15.2 13.3 14.5 12.6 13.6 13.5 14.4 14.3 14.9 14.9 14.6 14.3 14.2 15.5 16.6 16.2 16 16.8 17.4 14.5 16.2 16.4 17 16.8 15.9 19.5 19.3 19.9 18.9 18.8 18.5 17.9 17.7 17.8 18.5 18.8 18.9 18.8 18.9 19.3 19.2 19.8 18.8 19.7 19.5 206 20.5 20.4 21.3 21.5 20.8 20.2 22.5 22.6 22.6 22.1 19.9 22 21.8 19.8 19.4 19 19.5 19.3 19.2 19.4 19.3 19.6 19.8 19.9 18.8 20 19.2 28.5 25.1 21.4 21.3 21.1 21.3 21.7 22.1 21 20 21 21.2 20 21 21.5 20.1 20.7 20.6 20.1 20.4 20 19.9 19.4 19.4 20 18.9 18.8 17.2 16.6 16.3 18.6 17.4 17.3 17.5 17.9 17.6 17.3 17.1 18.2 18.6 17.9 19.7 18.5 17.2 17.5 18.6 18.1 17.6 19.3 19.4 18.5 18.6 19.6 19.2 19.2 18.2 17.2 17 16.8 16.2 16.2 15.2 17.2 15.6 17.2 16.7 15.7 14.9 14.9 15 14.9 15.4 16.8 14.9 14.8 14.5 14.8 16.9 17.5 17.9 14 17.1 16.8 14 14.2 13.8 14.1 14.1 11.9 11.6 12 11.8 11 10.4 11.2 11.2 17 10.6 11.4 11.5 12.1 11.8 12.1 12.1 12.1 12.6 12 11.8 11.6 11.2 11 10.6 11.1 11 13.4 12 11.5 11.3 11 8.2 8.1 8.2 7.9 7.2 8.2 5.2 5.3 07.04 8.1 7.2 8 7.9 7.9 11.6 7.6 7.4 7.1 7.9 8 7.6 7.4 7.5 7.6 5.4 5.5 5.3 7.6 5.8 5.9 5.1 4.1 4 3.1 3.1 3.3 5 4.8 4 4.6 3.2 3.6 3.3 3.3 3.9 4.2 4.1 4.4 4.3 3.9 3.9 4.5 3.1 4.5 4.6 4.3 4.1 3.4 3.8 3.1 3.9 4.8 3.1 3.5 3.2 3.7 10.7 10 9.9 9.8 8.9 8.7 2.1 3.1 3.2 3 3.6 2.3 3.1 3.3 3.6 3.3 3.6 5.2 5.1 5.3 6 6.5 5.9 5.9 6.9 7.2 7.4 7.2 6.6 6.2 8.1 8.4 8.4 8.2 8.2 8 8.6 6.8 8.1 8 7.9 7.2 7.81 7 7.6 11.3 10.9 12.3 10.8 11.2 8.9 8.9 8.4 8.2 10.2 11.1 8.6 10.3 10.1 10.1 9.9 9.2 10.8 9.8 7.9 7.8 8.4 8.2 10.3 9.5 10.2 10.5 10.2 10.2 10.6 10.4 10.3 10.8 11.4 11.1 9.6 9.2 10.9 7.7 11 12.3 12.1 12.4 14.2 10.4 13.1 11.1 11 10.9 13.4 15 14.6 14.7 14.8 14.9 14.3 14.2 14 15.1 13.2 12.9 13 11.7 14.8 15.2 17.5 13 12.9 13 12.9 12.8 14.01 14.6 14.5 14.6 14.6 14.7 14.3 14.6 14.9 13.9 15.3 15.7 15.1 18 18.4 19.1 19.1 19.9 19.2 21.6 19.8 17.8 18 18.4 18.6 18 18.3 18.6 19.1 18.9 19.1 18.7 18.7 18.8 18.8 20.9 21.5 22 23.3 21.7 25.1 20.9 22.3 23.1 20.1 20.4 20.6 22.5 20.8 20.6 20.6 23.7 24.5 24.1 24.1 24.4 20.5 20.6 23.7 23 24.3 21.5 19.5 20.4 21.2 22.4 23.1 22.8 22.6 24.5 24.6 24.5 25.6 25.2 25 24.6 24.8 24.6 25.3 25.3 23.8 23.5 23.5 22.3 21.1 21 20.9 21.2 23.1 23.6 24 23.3 23.6 24.4 24.4 24.1 22.4 21.1 19 19.4 18.2 18.6 18.3 17.7 18.2 18.3 18 20 21.2 19.6 21.3 21.6 21.9 20.8 20 19.8 18.8 18.6 18.9 19.8 18.9 16.8 16.9 16.8 16.3 14.3 14.4 15.2 15.1 15.6 15.7 15.8 15.6 14.7 15.6 15.5 12.6 12.9 12.3 15 15.2 14.4 13.5 13.3 15.3 15.4 15.5 11.9 13.9 15.7 15.6 12.1 12 13.3 12 13.2 13.1 10.8 12 12 9.8 10.2 11.2 11.4 12.3 12.8 12.1 12.4 10.2 12.3 10.8 10.7 12.3 10.5 10.3 10.3 9.8 9.7 8.6 8.2 11 10.1 11.6 11.6 11.2 8.3 8.9 8.6 9.2 9.4 9.2 7.9 7.5 8.3 7.8 7.9 8.5 8.2 8 8.1 7.2 7.7 6.6 7.9 7.8 7.9 8 8.5 7.9 6.5 6.7 5.2 5.1 4.3 3.7 3.5 3.5 5.7 4.5 4.6 5.3 4.8 5.3 5 5.1 5 3.7 4.1 5 2.1 1.3 1.4 2.8 2.4 2.3 3.2 3.6 3.2 8.5 5.6 4.6 6 8.9 5.8 6.1 6.2 6.2 8.8 8.9 7.7 7.7 3.2 7.5 7.1 7.2 7.3 8.8 8.6 8.9 7.7 8.9 8.6 8.5 8.6 8.3 8 6.5 7 6.1 6.2 4.2 11.2 7.8 7.2 7.2 7.4 7.5 9.2 8.2 8.1 8 8.1 8.3 7.9 8 7.9 7.9 8.4 7.9 9.8 9.2 9.1 9.8 9.4 8 8.1 8.2 4.7 8 8.1 8.1 8 7.9 8 7.8 8.4 7.7 7.8 9.1 9.6 9.8 9.7 10.1 9.2 9 9.1 10.6 12.9 12.1 12 11.7 12.9 13.2 11.2 12 11.2 11.2 12.3 12.1 12.3 14.1 13.3 13 12.7 12.9 12.4 12.1 12.4 12.4 13 12.3 13.4 12.8 12.7 12.6 13.2 12.9 15.2 15.4 15.5 15.4 15.4 15.6 15.7 15.3 16.8 16 15.2 14.9 13.2 14.7 14.8 15.3 15.4 18.9 18.8 17.5 17.6 17.7 17.6 17.7 17.8 18.1 19.6 19.4 16.7 17.9 18.3 18.1 19.1 20.1 17.4 17.5 17.6 17.9 18.2 17.6 17.8 21.3 21.5 23.6 18.8 23.1 23.2 23.4 22.1 22.5 24.1 22.4 25.3 23.4 24.2 24.3 24 21.9 22.6 23.1 22.8 24.3 23.1 23.9 23 24 24.5 24.2 23.4 21.5 21.9 22.1 20.1 20 20 21.2 21.1 21.4 21.3 21.5 24.2 24.2 20.9 21 21.2 20.9 20.8 20.9 21.4 21.4 21.3 21.2 21.9 22 21.7 20.9 21 22 20.1 21.2 21.1 21 20.2 20.1 20.2 20.8 22.1 20.1 22 20.1 21.7 21.8 18.7 19 20.2 20.1 20.2 19.9 19.3 21.1 21 19.9 19.6 19.2 19.4 19.1 19.3 18.8 19.1 19 18.9 19.5 19 19.2 18.8 18.3 17.7 17.6 17.5 17 16.9 17 16.8 17.4 17.2 0.12 17 18.9 18.2 18.5 16.9 15.3 15.4 15 15.1 15.2 13.2 16.6 14.1 12.7 12.4 12.1 12.2 12.3 12.5 11.8 12.9 13.3 11.8 11.9 12.3 12.4 14.2 11 10.2 10.1 9.8 16.3 11.7 11.3 11.2 11.4 11.3 11.1 11.8 11.3 11.1 9.6 8.4 8.2 8.4 9.1 9 5.8 6 6.1 11.6 11.4 10.8 10.7 10.6 10.4 10.6 10.4 7 7.4 8.6 4.4 3.9 7.9 3.8 10.5 10.6 10.9 10.7 10.9 11 8.1 7.9 6.9 6.2 6.1 6.3 6.5 7 6.8 7 6.2 7.1 7.2 7 6.6 6.7 2.5 5.2 4.8 5.5 5.6 3.9 3.7 6.8 6.6 7.2 6.8 6.5 6.8 6.7 6.8 6.5 6.7 6.7 6.5 6.6 6.7 6.5 6.3 6.5 6.3 6.5 6.4 6.6 6.7 6.8 6.9 7 6.8 6.9 6.6 6.2 6 6 6.2 5.9 6.1 5.2 6 6.8 7 8.7 7.6 7.4 11.6 11.4 10.6 11 11.2 11.5 11.4 7.5 7.8 7.4 7.8 7.9 7.8 7.7 07.08 7.9 8 7.8 7.6 7.4 7.3 7.6 7.8 7.18 7.6 7.5 7.4 7.5 5.4 7.7 7.9 8.1 8.2 7.9 8.1 8.7 8.3 9.2 12 12.3 12.4 12.6 12.5 12.3 12.6 12.3 11.2 11 11.2 12 12.1 12 12.1 12 12.1 19.9 19.2 12.1 12.3 13 12.9 13.4 13.2 13.3 13.4 13.2 8.6 13 13.3 13.1 12.8 13 12.9 13 13.1 13.3 13.4 14.1 13.9 14.2 14.2 14.3 14.4 16.2 16.4 15.5 16.1 16 16.4 16.7 19.2 19.6 19.4 19.3 19.2 19.4 19.5 19.9 19.8 20.4 20.3 20.2 20.08 20.4 19.2 17.1 18.6 18.9 19.1 21.5 21.6 21.7 21.8 22 22.1 23.5 23 19.9 19.7 19.6 20.2 19 19.7 19 21.1 20.2 20.4 20.9 20.4 20.5 20.2 22 21.9 21.6 21.1 21 21.1 21.2 20.6 22.8 22.3 22.5 22.6 22.4 22.4 21.6 21.5 20.9 21 23.8 24.8 25 25.3 25.4 24.8 24.9 24.7 23.5 23.1 25.1 24.7 24.6 24.1 22.1 23.2 22.5 22.7 22.8 22.7 22 20.9 20.9 19.9 20.7 20.5 20.6 22.9 22.4 21.1 21.5 22.2 22 21.8 21.4 19.2 19.1 19.3 19.1 19.4 19.5 22.1 19.8 19.2 19.5 18.8 18.7 18.5 18.6 18.4 18.4 18.1 16.8 16.6 14.5 16.6 16.4 16.1 16 15.8 14.3 17.5 17.6 17.5 17.2 16.7 16.4 16.2 15.1 18.1 18.2 17.9 18 18.4 18.5 17.1 17.2 17.1 17 14.7 14.5 14.2 14 16.9 15.2 12.1 13.2 11.2 13.4 13.2 13 12.7 12.5 12.2 14.2 12.3 9.8 12.1 11.9 10.7 10.5 10.4 10.6 10.3 10.1 10.2 9.9 9.8 8.2 9.7 12.7 12.1 12 12.4 12.2 9.7 9.5 9.2 8.8 8.9 5.2 